$ANSIBLE_VAULT;1.1;AES256
65303865323866316565323936383765623332363431323534313137613665303865376235396464
3337356464336139323864363261336235313539653937380a346266616366646365393265303236
61666266393661626633343038663230383539373737653836323934306635393537643962376231
6235333631663639390a656534666339316139393633643831333735323932613231313462356439
64356166333961366164353633316332323163653333326538353162633966313632316462393463
39623764656530616532316635316563393462306639313232346332623430623761356334316432
32633237363637343936666663313338356335303438353733666137663561316639313135653062
61313066366666376662373938393235336135313434366131623163333931333335643032303661
33363664303532303865363762636561326433643962653339316232643161633632386365626532
30646435653564393066653230373766653230353332643462333330643266656539646165356263
32346266353232653865346631343835383737653130373136383362623132643536633066303838
38373364623931303237306238636163663536656263663133396337666331336332623633623261
34623836306134333562303032346663643431313333653137653831303836303564386139363237
66386630626537653535646234626463323533356137633963323034333562366561306462396635
383262613330303937313866653733343934
