$ANSIBLE_VAULT;1.1;AES256
63643432613361353235306261326366363166623961336131623663313334323236623235633536
6563326563326631353666653863346632333631393236380a653164353066363535663336656463
37333131623063313836363262336333373861373438396238333034333565636431366336353539
3137623231343338650a333961303638623765653861386337626163303731646662643064623337
64366531336365313961373238653037623661623135633432323237613261643361303231656264
34663361316566623466643833653932393836376337656430636235623362303430656563313837
35346438323130656433376464343832643136613533623235316438373933376633393062313335
64653032646337303131346437386363363766336365636165343330393964653462386332663462
32616537336164346162643466306138383064316363656539656630646465653635613536646631
61636633303030643862353333373039323331366535373533396235353535343763623266343338
61633638366635623435333762643138323261343564666131353238623463386238303362633236
39336431383462393966613664386636633632653930323333666337333934393237386264613736
64646231613439343933373562373732353735363361383139303430656361303862653061623263
64646533613432633261353430633463326237383361363262316435313363383430303835346162
623762643138346164613038353034343362
