$ANSIBLE_VAULT;1.1;AES256
66376265643261363937366330653165623831383132616630623939336265363863333531353762
6238383337626164653131663437626164616638383430350a626231396136303436366464623839
30323362663863306431613465613663376337666532353664353031343238643863313465663166
6633623165353964630a356365353135643639376464636533666138383864306162333836346236
61363966626331333439623762353432303936383162313035396662646562373635643635313336
33323937356366373134633262653838396438363331383837643461306137646637346366646130
37313033613362363366363336633635616665646631353562323734383333663438386266303639
66306535376338376334383461303233393463313563373239623634336463633137343438303835
36396264356537353134386434326536353235376531363733356564326536626436633763306430
34363932386432356539636635386237663162646462336234636533613337386435633639306634
66633864333837353134666234613639363362353738613966306534636430313239646164356234
33656233343635393135643336316562356464616338303234626538656136613161373430633365
65323639666339316438613265643062616361633431666561656439333239316564613133376464
61386561646435393631336232303731623636353735383633376334306638306366633466353430
63346362353466616366393865396530323166313062633164323062376364613365343663343630
36366334303161373935326162383637313361356231396531363633343139373936363334616663
3237
